EMU8086 GENERATED LISTING. MACHINE CODE <- SOURCE.
 
original.bin -- emu8086 assembler version: 4.08  
 
[ 25-04-2018  --  11:15:04 ] 
 
===================================================================================================
[LINE]     LOC: MACHINE CODE                          SOURCE
===================================================================================================
 
[   1]        :                                       #make_bin#
[   2]        :                                       
[   3]        :                                       #LOAD_SEGMENT=FFFFh#
[   4]        :                                       #LOAD_OFFSET=0000h#
[   5]        :                                       
[   6]        :                                       #CS=0000h#
[   7]        :                                       #IP=0000h#
[   8]        :                                       
[   9]        :                                       #DS=0000h#
[  10]        :                                       #ES=0000h#
[  11]        :                                       
[  12]        :                                       #SS=0000h#
[  13]        :                                       #SP=FFFEh#
[  14]        :                                       
[  15]        :                                       #AX=0000h#
[  16]        :                                       #BX=0000h#
[  17]        :                                       #CX=0000h#
[  18]        :                                       #DX=0000h#
[  19]        :                                       #SI=0000h#
[  20]        :                                       #DI=0000h#
[  21]        :                                       #BP=0000h#
[  22]        :                                       
[  23]        :                                       ; add your code here
[  24]    0000: E9 FA 09                              jmp     st1
[  25]    0003: 00 00 00 00 00 00 00 00 00 00 00 00   db     509 dup(0)
                00 00 00 00 00 00 00 00 00 00 00 00 
                00 00 00 00 00 00 00 00 00 00 00 00 
                00 00 00 00 00 00 00 00 00 00 00 00 
                00 00 00 00 00 00 00 00 00 00 00 00 
                00 00 00 00 00 00 00 00 00 00 00 00 
                00 00 00 00 00 00 00 00 00 00 00 00 
                00 00 00 00 00 00 00 00 00 00 00 00 
                00 00 00 00 00 00 00 00 00 00 00 00 
                00 00 00 00 00 00 00 00 00 00 00 00 
                00 00 00 00 00 00 00 00 00 00 00 00 
                00 00 00 00 00 00 00 00 00 00 00 00 
                00 00 00 00 00 00 00 00 00 00 00 00 
                00 00 00 00 00 00 00 00 00 00 00 00 
                00 00 00 00 00 00 00 00 00 00 00 00 
                00 00 00 00 00 00 00 00 00 00 00 00 
                00 00 00 00 00 00 00 00 00 00 00 00 
                00 00 00 00 00 00 00 00 00 00 00 00 
                00 00 00 00 00 00 00 00 00 00 00 00 
                00 00 00 00 00 00 00 00 00 00 00 00 
                00 00 00 00 00 00 00 00 00 00 00 00 
                00 00 00 00 00 00 00 00 00 00 00 00 
                00 00 00 00 00 00 00 00 00 00 00 00 
                00 00 00 00 00 00 00 00 00 00 00 00 
                00 00 00 00 00 00 00 00 00 00 00 00 
                00 00 00 00 00 00 00 00 00 00 00 00 
                00 00 00 00 00 00 00 00 00 00 00 00 
                00 00 00 00 00 00 00 00 00 00 00 00 
                00 00 00 00 00 00 00 00 00 00 00 00 
                00 00 00 00 00 00 00 00 00 00 00 00 
                00 00 00 00 00 00 00 00 00 00 00 00 
                00 00 00 00 00 00 00 00 00 00 00 00 
                00 00 00 00 00 00 00 00 00 00 00 00 
                00 00 00 00 00 00 00 00 00 00 00 00 
                00 00 00 00 00 00 00 00 00 00 00 00 
                00 00 00 00 00 00 00 00 00 00 00 00 
                00 00 00 00 00 00 00 00 00 00 00 00 
                00 00 00 00 00 00 00 00 00 00 00 00 
                00 00 00 00 00 00 00 00 00 00 00 00 
                00 00 00 00 00 00 00 00 00 00 00 00 
                00 00 00 00 00 00 00 00 00 00 00 00 
                00 00 00 00 00 00 00 00 00 00 00 00 
                00 00 00 00 00                      
[  26]        :                                       
[  27]        :                                       ;IVT entry for 80H
[  28]        :                                       
[  29]    0200: 87 0A                                 dw     t_isr
[  30]    0202: 00 00                                 dw     0000
[  31]    0204: 00 00 00 00 00 00 00 00 00 00 00 00   db     508 dup(0)
                00 00 00 00 00 00 00 00 00 00 00 00 
                00 00 00 00 00 00 00 00 00 00 00 00 
                00 00 00 00 00 00 00 00 00 00 00 00 
                00 00 00 00 00 00 00 00 00 00 00 00 
                00 00 00 00 00 00 00 00 00 00 00 00 
                00 00 00 00 00 00 00 00 00 00 00 00 
                00 00 00 00 00 00 00 00 00 00 00 00 
                00 00 00 00 00 00 00 00 00 00 00 00 
                00 00 00 00 00 00 00 00 00 00 00 00 
                00 00 00 00 00 00 00 00 00 00 00 00 
                00 00 00 00 00 00 00 00 00 00 00 00 
                00 00 00 00 00 00 00 00 00 00 00 00 
                00 00 00 00 00 00 00 00 00 00 00 00 
                00 00 00 00 00 00 00 00 00 00 00 00 
                00 00 00 00 00 00 00 00 00 00 00 00 
                00 00 00 00 00 00 00 00 00 00 00 00 
                00 00 00 00 00 00 00 00 00 00 00 00 
                00 00 00 00 00 00 00 00 00 00 00 00 
                00 00 00 00 00 00 00 00 00 00 00 00 
                00 00 00 00 00 00 00 00 00 00 00 00 
                00 00 00 00 00 00 00 00 00 00 00 00 
                00 00 00 00 00 00 00 00 00 00 00 00 
                00 00 00 00 00 00 00 00 00 00 00 00 
                00 00 00 00 00 00 00 00 00 00 00 00 
                00 00 00 00 00 00 00 00 00 00 00 00 
                00 00 00 00 00 00 00 00 00 00 00 00 
                00 00 00 00 00 00 00 00 00 00 00 00 
                00 00 00 00 00 00 00 00 00 00 00 00 
                00 00 00 00 00 00 00 00 00 00 00 00 
                00 00 00 00 00 00 00 00 00 00 00 00 
                00 00 00 00 00 00 00 00 00 00 00 00 
                00 00 00 00 00 00 00 00 00 00 00 00 
                00 00 00 00 00 00 00 00 00 00 00 00 
                00 00 00 00 00 00 00 00 00 00 00 00 
                00 00 00 00 00 00 00 00 00 00 00 00 
                00 00 00 00 00 00 00 00 00 00 00 00 
                00 00 00 00 00 00 00 00 00 00 00 00 
                00 00 00 00 00 00 00 00 00 00 00 00 
                00 00 00 00 00 00 00 00 00 00 00 00 
                00 00 00 00 00 00 00 00 00 00 00 00 
                00 00 00 00 00 00 00 00 00 00 00 00 
                00 00 00 00                         
[  32]        :                                       ;IVT entry for ///81H
[  33]        :                                       
[  34]    0400: 48 0A                                 dw     t_isr2
[  35]    0402: 00 00                                 dw     0000
[  36]    0404: 00 00 00 00 00 00 00 00 00 00 00 00   db     508 dup(0)
                00 00 00 00 00 00 00 00 00 00 00 00 
                00 00 00 00 00 00 00 00 00 00 00 00 
                00 00 00 00 00 00 00 00 00 00 00 00 
                00 00 00 00 00 00 00 00 00 00 00 00 
                00 00 00 00 00 00 00 00 00 00 00 00 
                00 00 00 00 00 00 00 00 00 00 00 00 
                00 00 00 00 00 00 00 00 00 00 00 00 
                00 00 00 00 00 00 00 00 00 00 00 00 
                00 00 00 00 00 00 00 00 00 00 00 00 
                00 00 00 00 00 00 00 00 00 00 00 00 
                00 00 00 00 00 00 00 00 00 00 00 00 
                00 00 00 00 00 00 00 00 00 00 00 00 
                00 00 00 00 00 00 00 00 00 00 00 00 
                00 00 00 00 00 00 00 00 00 00 00 00 
                00 00 00 00 00 00 00 00 00 00 00 00 
                00 00 00 00 00 00 00 00 00 00 00 00 
                00 00 00 00 00 00 00 00 00 00 00 00 
                00 00 00 00 00 00 00 00 00 00 00 00 
                00 00 00 00 00 00 00 00 00 00 00 00 
                00 00 00 00 00 00 00 00 00 00 00 00 
                00 00 00 00 00 00 00 00 00 00 00 00 
                00 00 00 00 00 00 00 00 00 00 00 00 
                00 00 00 00 00 00 00 00 00 00 00 00 
                00 00 00 00 00 00 00 00 00 00 00 00 
                00 00 00 00 00 00 00 00 00 00 00 00 
                00 00 00 00 00 00 00 00 00 00 00 00 
                00 00 00 00 00 00 00 00 00 00 00 00 
                00 00 00 00 00 00 00 00 00 00 00 00 
                00 00 00 00 00 00 00 00 00 00 00 00 
                00 00 00 00 00 00 00 00 00 00 00 00 
                00 00 00 00 00 00 00 00 00 00 00 00 
                00 00 00 00 00 00 00 00 00 00 00 00 
                00 00 00 00 00 00 00 00 00 00 00 00 
                00 00 00 00 00 00 00 00 00 00 00 00 
                00 00 00 00 00 00 00 00 00 00 00 00 
                00 00 00 00 00 00 00 00 00 00 00 00 
                00 00 00 00 00 00 00 00 00 00 00 00 
                00 00 00 00 00 00 00 00 00 00 00 00 
                00 00 00 00 00 00 00 00 00 00 00 00 
                00 00 00 00 00 00 00 00 00 00 00 00 
                00 00 00 00 00 00 00 00 00 00 00 00 
                00 00 00 00                         
[  37]        :                                       
[  38]    0600: 90                                    nop
[  39]    0601: 00 00                                 dw      0000
[  40]    0603: 00 00                                 dw      0000
[  41]    0605: A9 0A                                 dw      ad_isr
[  42]    0607: 00 00                                 dw      0000
[  43]        :                                       		
[  44]    0609: 00 00 00 00 00 00 00 00 00 00 00 00   		 db     1012 dup(0)
                00 00 00 00 00 00 00 00 00 00 00 00 
                00 00 00 00 00 00 00 00 00 00 00 00 
                00 00 00 00 00 00 00 00 00 00 00 00 
                00 00 00 00 00 00 00 00 00 00 00 00 
                00 00 00 00 00 00 00 00 00 00 00 00 
                00 00 00 00 00 00 00 00 00 00 00 00 
                00 00 00 00 00 00 00 00 00 00 00 00 
                00 00 00 00 00 00 00 00 00 00 00 00 
                00 00 00 00 00 00 00 00 00 00 00 00 
                00 00 00 00 00 00 00 00 00 00 00 00 
                00 00 00 00 00 00 00 00 00 00 00 00 
                00 00 00 00 00 00 00 00 00 00 00 00 
                00 00 00 00 00 00 00 00 00 00 00 00 
                00 00 00 00 00 00 00 00 00 00 00 00 
                00 00 00 00 00 00 00 00 00 00 00 00 
                00 00 00 00 00 00 00 00 00 00 00 00 
                00 00 00 00 00 00 00 00 00 00 00 00 
                00 00 00 00 00 00 00 00 00 00 00 00 
                00 00 00 00 00 00 00 00 00 00 00 00 
                00 00 00 00 00 00 00 00 00 00 00 00 
                00 00 00 00 00 00 00 00 00 00 00 00 
                00 00 00 00 00 00 00 00 00 00 00 00 
                00 00 00 00 00 00 00 00 00 00 00 00 
                00 00 00 00 00 00 00 00 00 00 00 00 
                00 00 00 00 00 00 00 00 00 00 00 00 
                00 00 00 00 00 00 00 00 00 00 00 00 
                00 00 00 00 00 00 00 00 00 00 00 00 
                00 00 00 00 00 00 00 00 00 00 00 00 
                00 00 00 00 00 00 00 00 00 00 00 00 
                00 00 00 00 00 00 00 00 00 00 00 00 
                00 00 00 00 00 00 00 00 00 00 00 00 
                00 00 00 00 00 00 00 00 00 00 00 00 
                00 00 00 00 00 00 00 00 00 00 00 00 
                00 00 00 00 00 00 00 00 00 00 00 00 
                00 00 00 00 00 00 00 00 00 00 00 00 
                00 00 00 00 00 00 00 00 00 00 00 00 
                00 00 00 00 00 00 00 00 00 00 00 00 
                00 00 00 00 00 00 00 00 00 00 00 00 
                00 00 00 00 00 00 00 00 00 00 00 00 
                00 00 00 00 00 00 00 00 00 00 00 00 
                00 00 00 00 00 00 00 00 00 00 00 00 
                00 00 00 00 00 00 00 00 00 00 00 00 
                00 00 00 00 00 00 00 00 00 00 00 00 
                00 00 00 00 00 00 00 00 00 00 00 00 
                00 00 00 00 00 00 00 00 00 00 00 00 
                00 00 00 00 00 00 00 00 00 00 00 00 
                00 00 00 00 00 00 00 00 00 00 00 00 
                00 00 00 00 00 00 00 00 00 00 00 00 
                00 00 00 00 00 00 00 00 00 00 00 00 
                00 00 00 00 00 00 00 00 00 00 00 00 
                00 00 00 00 00 00 00 00 00 00 00 00 
                00 00 00 00 00 00 00 00 00 00 00 00 
                00 00 00 00 00 00 00 00 00 00 00 00 
                00 00 00 00 00 00 00 00 00 00 00 00 
                00 00 00 00 00 00 00 00 00 00 00 00 
                00 00 00 00 00 00 00 00 00 00 00 00 
                00 00 00 00 00 00 00 00 00 00 00 00 
                00 00 00 00 00 00 00 00 00 00 00 00 
                00 00 00 00 00 00 00 00 00 00 00 00 
                00 00 00 00 00 00 00 00 00 00 00 00 
                00 00 00 00 00 00 00 00 00 00 00 00 
                00 00 00 00 00 00 00 00 00 00 00 00 
                00 00 00 00 00 00 00 00 00 00 00 00 
                00 00 00 00 00 00 00 00 00 00 00 00 
                00 00 00 00 00 00 00 00 00 00 00 00 
                00 00 00 00 00 00 00 00 00 00 00 00 
                00 00 00 00 00 00 00 00 00 00 00 00 
                00 00 00 00 00 00 00 00 00 00 00 00 
                00 00 00 00 00 00 00 00 00 00 00 00 
                00 00 00 00 00 00 00 00 00 00 00 00 
                00 00 00 00 00 00 00 00 00 00 00 00 
                00 00 00 00 00 00 00 00 00 00 00 00 
                00 00 00 00 00 00 00 00 00 00 00 00 
                00 00 00 00 00 00 00 00 00 00 00 00 
                00 00 00 00 00 00 00 00 00 00 00 00 
                00 00 00 00 00 00 00 00 00 00 00 00 
                00 00 00 00 00 00 00 00 00 00 00 00 
                00 00 00 00 00 00 00 00 00 00 00 00 
                00 00 00 00 00 00 00 00 00 00 00 00 
                00 00 00 00 00 00 00 00 00 00 00 00 
                00 00 00 00 00 00 00 00 00 00 00 00 
                00 00 00 00 00 00 00 00 00 00 00 00 
                00 00 00 00 00 00 00 00 00 00 00 00 
                00 00 00 00                         
[  45]        :                                       ;main program
[  46]        :                                       
[  47]        :                                       ;--------------- Start Inits-------------------------;
[  48]    09FD: FA                                    st1:      cli
[  49]        :                                       ; intialize ds, es,ss to start of RAM
[  50]    09FE: B8 00 02                              mov       ax,0200h
[  51]    0A01: 8E D8                                 mov       ds,ax
[  52]    0A03: 8E C0                                 mov       es,ax
[  53]    0A05: 8E D0                                 mov       ss,ax
[  54]    0A07: BC FE FF                              mov       sp,0FFFEH
[  55]        :                                       
[  56]        :                                       ;1st timer - 0.1 second - 8253 clock is 10 KHz-divide by 10,00d
[  57]        :                                       ;Mode 3 : We give 0.1 seconds to read and 0.1 seconds for a time delay in between next read and current read
[  58]    0A0A: B0 36                                 		  mov       al,00110110b
[  59]    0A0C: E6 0E                                 		  out       0Eh,al
[  60]    0A0E: B0 E8                                 		  mov       al,0e8h
[  61]    0A10: E6 08                                 		  out       08h,al
[  62]    0A12: B0 03                                 		  mov       al,03h
[  63]    0A14: E6 08                                 		  out       08h,al
[  64]        :                                       
[  65]        :                                       ;2nd timer - 8*3600 second - 8253 clock is 1 Hz-divide by 28800d
[  66]        :                                       ;Mode 0 : Divide the day into three 8 hour partitions. (1am to 9am) to (9am to 5pm) to (5pm to 1am)
[  67]        :                                       ;The counter should send an interrupt once at 9am and second at 5pm so connect a NOT gate to the output of this counter and give it as input to 8259
[  68]        :                                       	
[  69]    0A16: B0 76                                 		  mov       al,01110110b
[  70]    0A18: E6 0E                                 		  out       0Eh,al
[  71]    0A1A: B0 80                                 		  mov       al,80h
[  72]    0A1C: E6 08                                 		  out       08h,al
[  73]    0A1E: B0 70                                 		  mov       al,70h
[  74]    0A20: E6 08                                 		  out       08h,al
[  75]        :                                       
[  76]        :                                       
[  77]        :                                       ;8259 intialize - vector no. ///80h, edge triggered
[  78]        :                                       ;8259 -	enable IRO alone use AEOI	
[  79]    0A22: B0 13                                 		  mov       al,00010011b ;edge triggered
[  80]    0A24: E6 10                                 		  out       10h,al
[  81]    0A26: B0 80                                 		  mov       al,80h ;starting vector number is 80h
[  82]    0A28: E6 12                                 		  out       12h,al
[  83]    0A2A: B0 03                                 		  mov       al,03h ;automatic end of interrupt
[  84]    0A2C: E6 12                                 		  out       12h,al
[  85]    0A2E: B0 FD                                 		  mov       al,0FDh
[  86]    0A30: E6 12                                 		  out       12h,al
[  87]        :                                       		
[  88]        :                                       ;start
[  89]        :                                       
[  90]        :                                       ;for required value of moisture content(assumed voltage :2.5v of 3v:digital 8-bit eqv->213 of 256)
[  91]    0A32: C6 06 FD 00 D5                        mov [00fdh],213
[  92]        :                                       
[  93]        :                                       ;for flag of one routine
[  94]    0A37: C6 06 FB 00 00                        mov [00fbh],0
[  95]        :                                       
[  96]        :                                       ;The number of maximum interrupts in one day is 2
[  97]    0A3C: C6 06 FE 00 02                        mov [00feh],2
[  98]        :                                       
[  99]        :                                       
[ 100]        :                                       ;intialise port b  as input & a & c as output
[ 101]    0A41: B0 82                                 mov       al,10000010b
[ 102]    0A43: E6 06                                 		  out 		06h,al
[ 103]    0A45: FB                                    sti
[ 104]        :                                       
[ 105]        :                                       ;loop till isr
[ 106]    0A46: EB FE                                 x2:       jmp       x2
[ 107]        :                                       
[ 108]        :                                       ;-------------------------- Interrupt Service Routine -----------------------------------------------;
[ 109]        :                                       
[ 110]        :                                       ;INTERRUPT Service Routine: Checks at 9am and 5pm
[ 111]    0A48:                                       t_isr2:
[ 112]    0A48: B0 00                                 mov al,0
[ 113]    0A4A: 80 3E FE 00 00                        cmp [00feh],0
[ 114]    0A4F: 75 06                                 jnz x1
[ 115]        :                                       	
[ 116]        :                                       	  ;if two interrupts at 9am and 5pm are already called then skip the 1 am one
[ 117]    0A51: C6 06 FE 00 02                        mov [00feh],2
[ 118]    0A56: CF                                    iret
[ 119]        :                                       	
[ 120]    0A57:                                       	x1:
[ 121]        :                                       		;select ch0
[ 122]    0A57: B0 00                                 		mov	al,00
[ 123]    0A59: E6 00                                 		out	00h,al
[ 124]        :                                       		
[ 125]        :                                       		;give ale
[ 126]    0A5B: B0 20                                 		mov	al,00100000b
[ 127]    0A5D: E6 00                                 		out	00h,al
[ 128]        :                                       		
[ 129]        :                                       		;give soc
[ 130]    0A5F: B0 30                                 		mov	al,00110000b
[ 131]    0A61: E6 00                                 		out	00h,al
[ 132]    0A63: 90                                    		nop
[ 133]    0A64: 90                                    		nop
[ 134]    0A65: 90                                    		nop
[ 135]    0A66: 90                                    		nop
[ 136]        :                                       
[ 137]        :                                       		;make soc 0
[ 138]    0A67: B0 10                                 		mov       al,00010000b
[ 139]    0A69: E6 00                                 		out       00h,al
[ 140]        :                                       
[ 141]        :                                       		;make ale 0
[ 142]    0A6B: B0 00                                 		mov       al,00000000b
[ 143]    0A6D: E6 00                                 		out       00h,al
[ 144]        :                                       
[ 145]        :                                       
[ 146]        :                                       		;decrement value at 00feh
[ 147]    0A6F: B0 01                                 	mov al,1
[ 148]    0A71: 28 06 FE 00                           	sub [00feh],al
[ 149]        :                                       
[ 150]        :                                       	;enable for t_isr
[ 151]    0A75: C6 06 FC 00 01                        	mov [00fch],1
[ 152]        :                                       
[ 153]    0A7A: 80 3E FB 00 01                        	x5:     cmp     [00fbh],1
[ 154]    0A7F: 75 F9                                 	jnz     x5
[ 155]        :                                       
[ 156]        :                                       	;disable the enable for t_isr
[ 157]    0A81: C6 06 FC 00 00                        	mov [00fch],0
[ 158]    0A86: CF                                    iret
[ 159]        :                                       		
[ 160]        :                                       
[ 161]        :                                       
[ 162]        :                                       ;INTERRUPT Service Routine: for 0.1 sec feedback system during sprinkler activation
[ 163]    0A87:                                       t_isr:
[ 164]        :                                       
[ 165]        :                                       	;check for enable
[ 166]    0A87: 80 3E FC 00 01                        	cmp  [00fch],1 ;Flag if it is 9am or 5 pm
[ 167]    0A8C: 74 01                                 	jz   x7
[ 168]    0A8E: CF                                    	iret
[ 169]        :                                       
[ 170]        :                                       
[ 171]    0A8F: B0 01                                 	x7:     mov al,1
[ 172]    0A91: A2 FF 00                              mov [00ffh],al
[ 173]    0A94: 90                                    nop ; Give slight Delay
[ 174]    0A95: 90                                    		nop
[ 175]    0A96: 90                                    		nop
[ 176]    0A97: 90                                    		nop
[ 177]        :                                       	
[ 178]        :                                       		;make soc 0
[ 179]    0A98: B0 10                                 		mov       al,00010000b
[ 180]    0A9A: E6 00                                 		out       00h,al
[ 181]        :                                       
[ 182]        :                                       		;make ale 0
[ 183]    0A9C: B0 00                                 		mov       al,00000000b
[ 184]    0A9E: E6 00                                 		out       00h,al
[ 185]        :                                       
[ 186]        :                                       
[ 187]    0AA0: B0 01                                 	x4:     mov al,1
[ 188]    0AA2: 38 06 FF 00                           	cmp [00ffh],al
[ 189]    0AA6: 74 F8                                 	jz x4
[ 190]        :                                       
[ 191]    0AA8: CF                                    iret
[ 192]        :                                       
[ 193]        :                                       ;NMI of EOC
[ 194]    0AA9:                                       ad_isr:
[ 195]    0AA9: B0 08                                 	mov       al,00001000b   ;oe enable
[ 196]    0AAB: E6 00                                 	out	  00h,al
[ 197]    0AAD: E4 02                                 	in        al,02h
[ 198]    0AAF: 3A 06 FD 0F                           cmp       al,[0ffdh]
[ 199]    0AB3: 7D 04                                 jge       x3
[ 200]    0AB5: B0 FF                                 	mov       al,0ffh
[ 201]    0AB7: E6 06                                 	out       06h,al
[ 202]        :                                       
[ 203]        :                                       ;setting flag to be 1 to show that routine is over
[ 204]    0AB9: C6 06 FB 00 01                        	x3:       mov	[00fbh],1
[ 205]        :                                       	
[ 206]        :                                       	; for single execution of nmi in 0.1 s interrupt
[ 207]    0ABE: C6 06 FF 00 00                        	x6:       mov	[00ffh],0
[ 208]    0AC3: CF                                    iret
[ 209]        :                                       
[ 210]        :                                       
[ 211]        :                                       
[ 212]        :                                       
 
===================================================================================================
 




===================================================================================================
